0.0000424212 139 100
0.000055332 139 98
0.0000721224 139 96
0.0000940644 139 94
0.000122684 139 92
0.000160145 139 90
0.000209244 139 88
0.000272844 139 86
0.000356796 139 84
0.000465552 139 82
0.000608652 139 80
0.000796272 139 78
0.001041132 139 76
0.001361676 139 74
0.0017808 139 72
0.00233412 139.5 70
0.00304644 140 68
0.00398136 141 66
0.00519612 142 64
0.00676068 143 62
0.00878952 144.2 60
0.01139712 145.7 58
0.01474884 147.2 56
0.0190164 148 54
0.0245496 150.3 52
0.031482 152.2 50
0.0403224 154.1 48
0.051516 156 46
0.0656352 158 44
0.083316 160 42
0.105576 162.4 40
0.133242 164.8 38
0.1677132 167.5 36
0.210516 170 34
0.263304 172.5 32
0.328176 175 30
0.407676 177.5 28
0.50562 180 26
0.624552 182.5 24
0.770196 185.2 22
0.947004 188.2 20
1.1607 191.4 18
1.417644 194.6 16
1.72674 197.8 14
2.0988 201.4 12
2.53764 205 10
3.05916 209.2 8
3.68244 212.4 6
4.41384 213.4 4
5.299788 213.8 2
6.36 214 0
