   0.00000000       400.000000    
   1.00000000       395.528931    
   2.00000000       391.057831    
   3.00000000       386.586761    
   4.00000000       382.115662    
   5.00000000       377.644592    
   6.00000000       373.173492    
   7.00000000       368.702423    
   8.00000000       364.231323    
   9.00000000       359.760254    
   10.0000000       355.289154    
   11.0000000       350.818085    
   12.0000000       346.346985    
   13.0000000       341.875916    
   14.0000000       337.404816    
   15.0000000       332.933716    
   16.0000000       328.462646    
   17.0000000       323.991577    
   18.0000000       319.520477    
   19.0000000       315.049377    
   20.0000000       310.578308    
   21.0000000       306.107239    
   22.0000000       301.636139    
   23.0000000       297.165070    
   24.0000000       292.693970    
   25.0000000       288.222900    
   26.0000000       283.751801    
   27.0000000       279.280731    
   28.0000000       274.809631    
   29.0000000       270.338562    
   30.0000000       265.867462    
   31.0000000       261.396362    
   32.0000000       256.925293    
   33.0000000       252.454224    
   34.0000000       247.983139    
   35.0000000       243.512054    
   36.0000000       239.040970    
   37.0000000       234.569885    
   38.0000000       230.098785    
   39.0000000       225.627701    
   40.0000000       221.156616    
   41.0000000       216.685532    
   42.0000000       212.214447    
   43.0000000       207.743378    
   44.0000000       203.272293    
   45.0000000       198.801208    
   46.0000000       194.330124    
   47.0000000       189.859039    
   48.0000000       185.387955    
   49.0000000       176.588257    
   50.0000000       176.588257    
   51.0000000       176.588257    
   52.0000000       176.588257    
   53.0000000       176.588257    
   54.0000000       176.588257    
   55.0000000       176.588257    
   56.0000000       176.588257    
   57.0000000       176.588257    
   58.0000000       176.588257    
   59.0000000       176.588257    
   60.0000000       176.588257    
   61.0000000       176.588257    
   62.0000000       176.588257    
   63.0000000       176.588257    
   64.0000000       176.588257    
   65.0000000       176.588257    
   66.0000000       176.588257    
   67.0000000       176.588257    
   68.0000000       176.588257    
   69.0000000       176.588257    
   70.0000000       176.588257    
   71.0000000       176.588257    
   72.0000000       176.588257    
   73.0000000       176.588257    
   74.0000000       176.588257    
   75.0000000       176.588257    
   76.0000000       176.588257    
   77.0000000       176.588257    
   78.0000000       176.588257    
   79.0000000       176.588257    
   80.0000000       176.588257    
   81.0000000       176.588257    
   82.0000000       176.588257    
   83.0000000       176.588257    
   84.0000000       176.588257    
   85.0000000       176.588257    
   86.0000000       176.588257    
   87.0000000       176.588257    
   88.0000000       176.588257    
   89.0000000       176.588257    
   90.0000000       176.588257    
   91.0000000       176.588257    
   92.0000000       176.588257    
   93.0000000       176.588257    
   94.0000000       176.588257    
   95.0000000       176.588257    
   96.0000000       176.588257    
   97.0000000       176.588257    
   98.0000000       176.588257    
   99.0000000       176.588257    
   100.000000       176.588257    
