   0.00000000       200.000000    
   1.00000000       197.500000    
   2.00000000       195.000000    
   3.00000000       192.500000    
   4.00000000       190.000000    
   5.00000000       187.500000    
   6.00000000       185.000000    
   7.00000000       182.500000    
   8.00000000       180.000000    
   9.00000000       176.588257    
   10.0000000       176.588257    
   11.0000000       176.588257    
   12.0000000       176.588257    
   13.0000000       176.588257    
   14.0000000       176.588257    
   15.0000000       176.588257    
   16.0000000       176.588257    
   17.0000000       176.588257    
   18.0000000       176.588257    
   19.0000000       176.588257    
   20.0000000       176.588257    
   21.0000000       176.588257    
   22.0000000       176.588257    
   23.0000000       176.588257    
   24.0000000       176.588257    
   25.0000000       176.588257    
   26.0000000       176.588257    
   27.0000000       176.588257    
   28.0000000       176.588257    
   29.0000000       176.588257    
   30.0000000       176.588257    
   31.0000000       176.588257    
   32.0000000       176.588257    
   33.0000000       176.588257    
   34.0000000       176.588257    
   35.0000000       176.588257    
   36.0000000       176.588257    
   37.0000000       176.588257    
   38.0000000       176.588257    
   39.0000000       176.588257    
   40.0000000       176.588257    
   41.0000000       176.588257    
   42.0000000       176.588257    
   43.0000000       176.588257    
   44.0000000       176.588257    
   45.0000000       176.588257    
   46.0000000       176.588257    
   47.0000000       176.588257    
   48.0000000       176.588257    
   49.0000000       176.588257    
   50.0000000       176.588257    
   51.0000000       176.588257    
   52.0000000       176.588257    
   53.0000000       176.588257    
   54.0000000       176.588257    
   55.0000000       176.588257    
   56.0000000       176.588257    
   57.0000000       176.588257    
   58.0000000       176.588257    
   59.0000000       176.588257    
   60.0000000       176.588257    
   61.0000000       176.588257    
   62.0000000       176.588257    
   63.0000000       176.588257    
   64.0000000       176.588257    
   65.0000000       176.588257    
   66.0000000       176.588257    
   67.0000000       176.588257    
   68.0000000       176.588257    
   69.0000000       176.588257    
   70.0000000       176.588257    
   71.0000000       176.588257    
   72.0000000       176.588257    
   73.0000000       176.588257    
   74.0000000       176.588257    
   75.0000000       176.588257    
   76.0000000       176.588257    
   77.0000000       176.588257    
   78.0000000       176.588257    
   79.0000000       176.588257    
   80.0000000       176.588257    
   81.0000000       176.588257    
   82.0000000       176.588257    
   83.0000000       176.588257    
   84.0000000       176.588257    
   85.0000000       176.588257    
   86.0000000       176.588257    
   87.0000000       176.588257    
   88.0000000       176.588257    
   89.0000000       176.588257    
   90.0000000       176.588257    
   91.0000000       176.588257    
   92.0000000       176.588257    
   93.0000000       176.588257    
   94.0000000       176.588257    
   95.0000000       176.588257    
   96.0000000       176.588257    
   97.0000000       176.588257    
   98.0000000       176.588257    
   99.0000000       176.588257    
   100.000000       176.588257    
