   0.00000000       760.000000    
   1.00000000       749.564697    
   2.00000000       739.129395    
   3.00000000       728.694092    
   4.00000000       718.258850    
   5.00000000       707.823547    
   6.00000000       697.388245    
   7.00000000       686.952942    
   8.00000000       676.517639    
   9.00000000       666.082336    
   10.0000000       655.647095    
   11.0000000       645.211792    
   12.0000000       634.776489    
   13.0000000       624.341187    
   14.0000000       613.905884    
   15.0000000       603.470581    
   16.0000000       593.035278    
   17.0000000       582.599976    
   18.0000000       572.164673    
   19.0000000       561.729431    
   20.0000000       551.294128    
   21.0000000       540.858826    
   22.0000000       530.423523    
   23.0000000       519.988281    
   24.0000000       509.552948    
   25.0000000       499.117645    
   26.0000000       488.682373    
   27.0000000       478.247070    
   28.0000000       467.811768    
   29.0000000       457.376465    
   30.0000000       446.941193    
   31.0000000       436.505890    
   32.0000000       426.070587    
   33.0000000       415.635315    
   34.0000000       405.200012    
   35.0000000       394.764740    
   36.0000000       384.329407    
   37.0000000       373.894135    
   38.0000000       363.458832    
   39.0000000       353.023560    
   40.0000000       342.588257    
   41.0000000       332.152985    
   42.0000000       321.717651    
   43.0000000       311.282349    
   44.0000000       300.847076    
   45.0000000       290.411774    
   46.0000000       279.976501    
   47.0000000       269.541199    
   48.0000000       259.105896    
   49.0000000       248.670593    
   50.0000000       238.235291    
   51.0000000       227.800049    
   52.0000000       217.364746    
   53.0000000       206.929443    
   54.0000000       195.087967    
   55.0000000       195.087967    
   56.0000000       195.087967    
   57.0000000       195.087967    
   58.0000000       195.087967    
   59.0000000       195.087967    
   60.0000000       195.087967    
   61.0000000       195.087967    
   62.0000000       195.087967    
   63.0000000       195.087967    
   64.0000000       195.087967    
   65.0000000       195.087967    
   66.0000000       195.087967    
   67.0000000       195.087967    
   68.0000000       195.087967    
   69.0000000       195.087967    
   70.0000000       195.087967    
   71.0000000       195.087967    
   72.0000000       195.087967    
   73.0000000       195.087967    
   74.0000000       195.087967    
   75.0000000       195.087967    
   76.0000000       195.087967    
   77.0000000       195.087967    
   78.0000000       195.087967    
   79.0000000       195.087967    
   80.0000000       195.087967    
   81.0000000       195.087967    
   82.0000000       195.087967    
   83.0000000       195.087967    
   84.0000000       195.087967    
   85.0000000       195.087967    
   86.0000000       195.087967    
   87.0000000       195.087967    
   88.0000000       195.087967    
   89.0000000       195.087967    
   90.0000000       195.087967    
   91.0000000       195.087967    
   92.0000000       195.087967    
   93.0000000       195.087967    
   94.0000000       195.087967    
   95.0000000       195.087967    
   96.0000000       195.087967    
   97.0000000       195.087967    
   98.0000000       195.087967    
   99.0000000       195.087967    
   100.000000       195.087967    
   101.000000       195.087967    
   102.000000       195.087967    
   103.000000       195.087967    
   104.000000       195.087967    
   105.000000       195.087967    
   106.000000       195.087967    
   107.000000       195.087967    
   108.000000       195.087967    
   109.000000       195.087967    
   110.000000       195.087967    
   111.000000       195.087967    
   112.000000       195.087967    
   113.000000       195.087967    
   114.000000       195.087967    
   115.000000       195.087967    
   116.000000       195.087967    
   117.000000       195.087967    
   118.000000       195.087967    
   119.000000       195.087967    
   120.000000       195.087967    
   121.000000       195.087967    
   122.000000       195.087967    
   123.000000       195.087967    
   124.000000       195.087967    
   125.000000       195.087967    
   126.000000       195.087967    
   127.000000       195.087967    
   128.000000       195.087967    
   129.000000       195.087967    
   130.000000       195.087967    
   131.000000       195.087967    
   132.000000       195.087967    
   133.000000       195.087967    
   134.000000       195.087967    
   135.000000       195.087967    
   136.000000       195.087967    
   137.000000       195.087967    
   138.000000       195.087967    
   139.000000       195.087967    
   140.000000       195.087967    
   141.000000       195.087967    
   142.000000       195.087967    
   143.000000       195.087967    
   144.000000       195.087967    
   145.000000       195.087967    
   146.000000       195.087967    
   147.000000       195.087967    
   148.000000       195.087967    
   149.000000       195.087967    
   150.000000       195.087967    
   151.000000       195.087967    
   152.000000       195.087967    
   153.000000       195.087967    
   154.000000       195.087967    
   155.000000       195.087967    
   156.000000       195.087967    
   157.000000       195.087967    
   158.000000       195.087967    
   159.000000       195.087967    
   160.000000       195.087967    
   161.000000       195.087967    
   162.000000       195.087967    
   163.000000       195.087967    
   164.000000       195.087967    
   165.000000       195.087967    
   166.000000       195.087967    
   167.000000       195.087967    
   168.000000       195.087967    
   169.000000       195.087967    
   170.000000       195.087967    
   171.000000       195.087967    
   172.000000       195.087967    
   173.000000       195.087967    
   174.000000       195.087967    
   175.000000       195.087967    
   176.000000       195.087967    
   177.000000       195.087967    
   178.000000       195.087967    
   179.000000       195.087967    
   180.000000       195.087967    
