   0.00000000       93.9000015    
   1.00000000       92.5999985    
   2.00000000       91.3000031    
   3.00000000       90.0000000    
   4.00000000       88.7000046    
   5.00000000       87.4000015    
   6.00000000       86.0999985    
   7.00000000       84.8000031    
   8.00000000       83.5000000    
   9.00000000       82.1999969    
   10.0000000       80.9000015    
   11.0000000       79.5999985    
   12.0000000       78.3000031    
   13.0000000       77.0000000    
   14.0000000       75.6386337    
   15.0000000       75.6386337    
   16.0000000       75.6386337    
   17.0000000       75.6386337    
   18.0000000       75.6386337    
   19.0000000       75.6386337    
   20.0000000       75.6386337    
   21.0000000       75.6386337    
   22.0000000       75.6386337    
   23.0000000       75.6386337    
   24.0000000       75.6386337    
   25.0000000       75.6386337    
   26.0000000       75.6386337    
   27.0000000       75.6386337    
   28.0000000       75.6386337    
   29.0000000       75.6386337    
   30.0000000       75.6386337    
   31.0000000       75.6386337    
   32.0000000       75.6386337    
   33.0000000       75.6386337    
   34.0000000       75.6386337    
   35.0000000       75.6386337    
   36.0000000       75.6386337    
   37.0000000       75.6386337    
   38.0000000       75.6386337    
   39.0000000       75.6386337    
   40.0000000       75.6386337    
   41.0000000       75.6386337    
   42.0000000       75.6386337    
   43.0000000       75.6386337    
   44.0000000       75.6386337    
   45.0000000       75.6386337    
   46.0000000       75.6386337    
   47.0000000       75.6386337    
   48.0000000       75.6386337    
   49.0000000       75.6386337    
   50.0000000       75.6386337    
   51.0000000       75.6386337    
   52.0000000       75.6386337    
   53.0000000       75.6386337    
   54.0000000       75.6386337    
   55.0000000       75.6386337    
   56.0000000       75.6386337    
   57.0000000       75.6386337    
   58.0000000       75.6386337    
   59.0000000       75.6386337    
   60.0000000       75.6386337    
   61.0000000       75.6386337    
   62.0000000       75.6386337    
   63.0000000       75.6386337    
   64.0000000       75.6386337    
   65.0000000       75.6386337    
   66.0000000       75.6386337    
   67.0000000       75.6386337    
   68.0000000       75.6386337    
   69.0000000       75.6386337    
   70.0000000       75.6386337    
   71.0000000       75.6386337    
   72.0000000       75.6386337    
   73.0000000       75.6386337    
   74.0000000       75.6386337    
   75.0000000       75.6386337    
   76.0000000       75.6386337    
   77.0000000       75.6386337    
   78.0000000       75.6386337    
   79.0000000       75.6386337    
   80.0000000       75.6386337    
   81.0000000       75.6386337    
   82.0000000       75.6386337    
   83.0000000       75.6386337    
   84.0000000       75.6386337    
   85.0000000       75.6386337    
   86.0000000       75.6386337    
   87.0000000       75.6386337    
   88.0000000       75.6386337    
   89.0000000       75.6386337    
   90.0000000       75.6386337    
   91.0000000       75.6386337    
   92.0000000       75.6386337    
   93.0000000       75.6386337    
   94.0000000       75.6386337    
   95.0000000       75.6386337    
   96.0000000       75.6386337    
   97.0000000       75.6386337    
   98.0000000       75.6386337    
   99.0000000       75.6386337    
   100.000000       75.6386337    
   101.000000       75.6386337    
   102.000000       75.6386337    
   103.000000       75.6386337    
   104.000000       75.6386337    
   105.000000       75.6386337    
   106.000000       75.6386337    
   107.000000       75.6386337    
   108.000000       75.6386337    
   109.000000       75.6386337    
   110.000000       75.6386337    
   111.000000       75.6386337    
   112.000000       75.6386337    
   113.000000       75.6386337    
   114.000000       75.6386337    
   115.000000       75.6386337    
   116.000000       75.6386337    
   117.000000       75.6386337    
   118.000000       75.6386337    
   119.000000       75.6386337    
   120.000000       75.6386337    
   121.000000       75.6386337    
   122.000000       75.6386337    
   123.000000       75.6386337    
   124.000000       75.6386337    
   125.000000       75.6386337    
   126.000000       75.6386337    
   127.000000       75.6386337    
   128.000000       75.6386337    
   129.000000       75.6386337    
   130.000000       75.6386337    
   131.000000       75.6386337    
   132.000000       75.6386337    
   133.000000       75.6386337    
   134.000000       75.6386337    
   135.000000       75.6386337    
   136.000000       75.6386337    
   137.000000       75.6386337    
   138.000000       75.6386337    
   139.000000       75.6386337    
   140.000000       75.6386337    
   141.000000       75.6386337    
   142.000000       75.6386337    
   143.000000       75.6386337    
   144.000000       75.6386337    
   145.000000       75.6386337    
   146.000000       75.6386337    
   147.000000       75.6386337    
   148.000000       75.6386337    
   149.000000       75.6386337    
   150.000000       75.6386337    
   151.000000       75.6386337    
   152.000000       75.6386337    
   153.000000       75.6386337    
   154.000000       75.6386337    
   155.000000       75.6386337    
   156.000000       75.6386337    
   157.000000       75.6386337    
   158.000000       75.6386337    
   159.000000       75.6386337    
   160.000000       75.6386337    
   161.000000       75.6386337    
   162.000000       75.6386337    
   163.000000       75.6386337    
   164.000000       75.6386337    
   165.000000       75.6386337    
   166.000000       75.6386337    
   167.000000       75.6386337    
   168.000000       75.6386337    
   169.000000       75.6386337    
   170.000000       75.6386337    
   171.000000       75.6386337    
   172.000000       75.6386337    
   173.000000       75.6386337    
   174.000000       75.6386337    
   175.000000       75.6386337    
   176.000000       75.6386337    
   177.000000       75.6386337    
   178.000000       75.6386337    
   179.000000       75.6386337    
   180.000000       75.6386337    
   181.000000       75.6386337    
   182.000000       75.6386337    
   183.000000       75.6386337    
   184.000000       75.6386337    
   185.000000       75.6386337    
   186.000000       75.6386337    
   187.000000       75.6386337    
   188.000000       75.6386337    
   189.000000       75.6386337    
   190.000000       75.6386337    
   191.000000       75.6386337    
   192.000000       75.6386337    
   193.000000       75.6386337    
   194.000000       75.6386337    
   195.000000       75.6386337    
   196.000000       75.6386337    
   197.000000       75.6386337    
   198.000000       75.6386337    
   199.000000       75.6386337    
   200.000000       75.6386337    
