0 93.9 1440
0.5 93.3 1400
1 92.7 1370
1.5 92.1 1340
2 91.5 1300
3 90.5 1240
4 89.5 1180
5 88.5 1120
6 87.3 1060
8 85.5 957
10 83.6 859
12 82.1 770
14 80.6 688
16 79.2 614
18 78 547
20 76.7 487
22 75.7 432
24 74.7 383
26 73.9 340
28 73.1 300
30 72.3 265
32 71.8 235
34 71.5 207
36 71.4 183
38 71.2 161
40 71.1 142
42 71.1 126
44 71.2 111
46 71.4 98.1
48 71.5 86.7
50 71.7 76.7
52 72.2 67.9
54 72.8 60.1
56 73.8 53.4
58 75.4 47.5
60 77.6 42.3
62 80.9 37.9
64 85.9 34.2
66 92.6 31
68 100.5 28.3
70 106.1 26
72 111.9 24
74 116.6 22.3
76 119.7 20.7
78 122.7 19.3
80 125.8 18
82 128.8 16.8
84 131.5 15.7
86 133.8 14.7
88 135.8 13.8
90 137.6 13
92 139.1 12.2
94 140.6 11.5
96 142.1 10.8
98 143.7 10.2
100 145.1 9.61
102 146.5 9.06
104 147.8 8.56
106 149 8.08
108 150.1 7.63
110 151 7.22
112 151.9 6.82
114 152.6 6.45
116 153.4 6.1
118 154.3 5.78
120 155.3 5.48
122 156.3 5.19
124 157.5 4.91
126 158.6 4.66
128 159.6 4.42
130 160.5 4.19
132 161.2 3.9
134 161.8 3.78
136 162.4 3.59
138 163 3.41
140 163.7 3.24
142 164.5 3.08
144 165.3 2.93
146 166 2.78
148 166.7 2.65
150 167.4 2.52
152 167.9 2.4
154 168.5 2.29
156 169 2.17
158 169.5 2.07
160 169.9 1.97
162 170.4 1.88
164 170.8 1.79
166 171 1.71
168 171.2 1.63
170 171.4 1.55
172 171.6 1.48
174 171.8 1.41
176 172 1.35
178 172.2 1.28
180 172.4 1.22
182 172.5 1.16
184 172.7 1.11
186 172.9 1.06
188 173 1.01
190 173.2 0.964
192 173.4 0.92
194 173.6 0.877
196 173.8 0.837
198 173.9 0.798
200 174 0.759