0.000000000473 125 180
0.00000000072 125 176
0.00000000113 125 172
0.00000000184 126 168
0.000000003 126 164
0.000000005017 127 160
0.00000000868 129 156
0.0000000153 131 152
0.0000000283 134 148
0.0000000565 140 144
0.000000126 147 140
0.00000033 146 136
0.00000099 142 132
0.0000033 135 128
0.000012 125 124
0.0000517 117 120
0.00021 129 116
0.0008 140 112
0.0027 150 108
0.0085 160 104
0.0275604 175 100
0.103352 182 95
0.373889 187 90
1.286828 192 85
4.123928 208 80
12.159 220 75
34.0452 232 70
50.155875 236 68
73.3593 241 66
106.39125 245 64
154.014 250 62
219.87525 261 60
309.04125 274 58
427.5915 289 56
580.59225 308 54
774.123 328 52
1013.25 347 50
1317.225 361 48
1681.995 374 46
2137.9575 387 44
2705.3775 400 42
3384.255 413 40
4204.9875 428 38
5187.84 444 36
6353.0775 460 34
7731.0975 476 32
9352.2975 492 30
11247.075 509 28
13476.225 526 26
15908.025 543 24
18846.45 560 22
22190.175 576 20
25939.2 593 18
30296.175 609 16
35159.775 626 14
40631.325 642 12
46812.15 658 10
53904.9 674 8
61706.925 689 6
70522.2 705 4
80249.4 720 2
91192.5 735 0
